0.799675123
0.799847776
0.799902898
0.800852407
0.799911608
0.799955011
0.799938412
0.800866572
0.800938316
0.800968988
0.800888822
0.80093345
0.356371669
0.503823708
0.795273639
0.889095683
0.878934797
0.801544307
0.43097654
0.352491472
0.489707979
0.437336801
0.387897372
0.487337356
0.448600175
0.496784024
0.486145055
0.095287167
0.196988349
0.456159059
0.510584911
0.76303039
0.552424316
0.475743467
0.711769343
0.662449809
0.545771547
0.318640755
0.312114494
0.40851683
0.385544289
0.465350964
0.826796285
0.751329231
0.61671481
0.462620107
0.369290982
0.404853912
0.469655056
0.439764391
0.600616681
0.629202462
0.576408686
0.532363675
0.159632716
0.134926849
0.25887826
